2.459100000000000000e+04
3.023000000000000000e+04
3.612200000000000000e+04
4.227200000000000000e+04
4.689300000000000000e+04
4.870700000000000000e+04
4.821900000000000000e+04
4.798400000000000000e+04
4.953600000000000000e+04
4.801500000000000000e+04
4.829200000000000000e+04
4.882800000000000000e+04
4.705800000000000000e+04
4.246300000000000000e+04
3.632500000000000000e+04
3.044100000000000000e+04
2.481600000000000000e+04
1.260200000000000000e+04
1.082300000000000000e+04
1.006900000000000000e+04
1.033700000000000000e+04
1.085800000000000000e+04
1.090100000000000000e+04
1.039800000000000000e+04
1.015400000000000000e+04
1.093600000000000000e+04
1.274100000000000000e+04
1.523200000000000000e+04
1.881600000000000000e+04
2.214400000000000000e+04
2.470400000000000000e+04
2.853300000000000000e+04
2.905000000000000000e+04
2.956800000000000000e+04
2.906100000000000000e+04
2.855400000000000000e+04
1.723000000000000000e+04
1.544600000000000000e+04
1.571100000000000000e+04
1.674200000000000000e+04
1.750400000000000000e+04
1.775100000000000000e+04
1.679300000000000000e+04
1.577600000000000000e+04
1.552900000000000000e+04
1.732900000000000000e+04
1.783200000000000000e+04
1.756700000000000000e+04
3.646000000000000000e+04
3.365200000000000000e+04
3.263600000000000000e+04
3.289600000000000000e+04
3.264300000000000000e+04
3.367500000000000000e+04
3.649800000000000000e+04
3.802500000000000000e+04
3.853200000000000000e+04
3.852800000000000000e+04
3.852300000000000000e+04
3.800600000000000000e+04
3.620600000000000000e+04
3.468200000000000000e+04
3.443200000000000000e+04
3.469300000000000000e+04
3.649700000000000000e+04
3.674000000000000000e+04
3.648000000000000000e+04
3.673100000000000000e+04
